R 1000 1000

NO ./img/rock.xpm
SO ./img/rock.xpm
WE ./img/south_texture.xpm
EA ./img/rock.xpm

S ./img/rock.xpm

F 220,100,0
C 225,30,0

111111111111111111111111
100000000000000000000001
100000000000000000000001
100000000000000000000001
100000222220000303030001
100000200020000000000001
100000200020000300030001
100000200020000000000001
100000220220000303030001
100000000000000000000001
100000000000000000000001
100000000000000000000001
100000000000000000000001
100000000000000000000001
100000000000000000000001
100000000000000000000001
144444444000000000000001
140400004000000000000001
140000504000000000000001
140400004000000000000001
140444444000000000000001
140000000000000000000001
144444444000000000000001
111111111111111111111111

